[DEFAULT]
mLP = 9.109E-31*1E-4
gc = (6E-3)*(1E-3)*(1.60218E-19)*(1E12)
gammaC = 0.33E12
R = (0.01E-12)*(1E12)
S = (2E-3)*(1E-3)*(1.60218E-19)*(1E12)
p0 = (1.5E-3)*(1E-3)*(1.60218E-19)*(1E12)
timeSteps = 100