[DEFAULT]
mLP=9.109E-31*1E-4
gc=(6E-3)*(E-3)*(1.60218E-19)*(E12)
gammaC=0.33E12
R=(0.01E-12)*(E12)
S=(2E-3)*(E-3)*(1.60218E-19)*(E12)